  0.0000000   0.0000000   0.0000000    0
  0.0000000   0.0000000   2.8534865    5
 -2.1602480  -0.0000000   6.8597059   10
 -4.8500615   0.0000000   7.8122185   15
 -7.9053858   0.0000000  11.1858616   20
 -7.9053858   0.0000000  14.0393480   25
-10.0656319  -0.0000000  18.0455674   30
-12.7554473   0.0000000  18.9980801   35
-15.8107698   0.0000000  22.3717231   40
-15.8107698   0.0000000  25.2252096   45
-17.9710177  -0.0000000  29.2314290   50
-20.6608312   0.0000000  30.1839417   55
-23.7161556   0.0000000  33.5575847   60
-23.7161556   0.0000000  36.4110712   65
-25.8764017  -0.0000000  40.4172906   70
-28.5662171   0.0000000  41.3698033   75
-31.6215414   0.0000000  44.7434444   80
-31.6215414   0.0000000  47.5969309   85
-33.7817875  -0.0000000  51.6031503   90
-36.4716029   0.0000000  52.5556648   95
  2.6007488   0.0000000  -0.9209731  100
 -2.1602480   0.0000000   4.1007057  105
 -5.3046370   0.0000000  10.2648884  110
-10.0656319   0.0000000  15.2865673  115
-13.2100228   0.0000000  21.4507500  120
-17.9710177   0.0000000  26.4724289  125
-21.1154068   0.0000000  32.6366116  130
-25.8764017   0.0000000  37.6582904  135
-29.0207926   0.0000000  43.8224713  140
-33.7817875   0.0000000  48.8441501  145
  2.0293240   0.0000000   4.0251167  150
 -6.6318918   0.0000000   6.2903937  155
 -5.8760618  -0.0000000  15.2109782  160
-14.5372758   0.0000000  17.4762553  165
-13.7814477  -0.0000000  26.3968398  170
-22.4426616   0.0000000  28.6621150  175
-21.6868316  -0.0000000  37.5827014  180
-30.3480474   0.0000000  39.8479766  185
-29.5922174  -0.0000000  48.7685611  190
-38.2534313   0.0000000  51.0338381  195
-36.9523511   0.0000000  55.1495483  200
 -0.9717180   1.6830638  -0.6882061  205
 -0.9717180  -1.6830638  -0.6882061  206
  3.4516660   1.5364154  -0.1500216  207
  3.4516660  -1.5364154  -0.1500216  208
 -3.8213456   0.0000000   3.1416697  209
 -1.1885300   1.6830638   7.5479120  210
 -1.1885300  -1.6830638   7.5479120  211
 -3.8461237  -0.0000000  11.5105770  212
 -8.8784833   1.6830638  10.4996075  213
 -8.8784833  -1.6830638  10.4996075  214
-11.7267314   0.0000000  14.3275313  215
 -9.0939140   1.6830638  18.7337736  216
 -9.0939140  -1.6830638  18.7337736  217
-11.7515095  -0.0000000  22.6964367  218
-16.7838691   1.6830638  21.6854691  219
-16.7838691  -1.6830638  21.6854691  220
-19.6321173   0.0000000  25.5133928  221
-16.9992998   1.6830638  29.9196351  222
-16.9992998  -1.6830638  29.9196351  223
-19.6568935  -0.0000000  33.8822983  224
-24.6892530   1.6830638  32.8713307  225
-24.6892530  -1.6830638  32.8713307  226
-27.5375012   0.0000000  36.6992544  227
-24.9046856   1.6830638  41.1054967  228
-24.9046856  -1.6830638  41.1054967  229
-27.5622793  -0.0000000  45.0681598  230
-32.5946389   1.6830638  44.0571922  231
-32.5946389  -1.6830638  44.0571922  232
-35.4428870   0.0000000  47.8851141  233
-32.8100695   1.6830638  52.2913583  234
-32.8100695  -1.6830638  52.2913583  235
-38.7608946   0.0000000  55.2918825  236
